1 0.756917 0.554241 0.0434783 0.102564 0.504332
1 0.687747 0.553748 0.0909091 0.0956607 0.809285
1 0.460474 0.271696 0.055336 0.0956607 0.856423
1 0.69664 0.455621 0.0849802 0.100592 0.858736
1 0.433794 0.370809 0.0849802 0.0966469 0.860749
9 0.675889 0.264793 0.166008 0.105523 0.862595
4 0.562253 0.275641 0.152174 0.0976331 0.893115
2 0.56917 0.362426 0.173913 0.091716 0.902343
0 0.440711 0.461045 0.193676 0.0936884 0.912084
0 0.590909 0.461045 0.189723 0.0976331 0.918843
0 0.416008 0.564596 0.187747 0.0877712 0.919601
2 0.697628 0.363412 0.185771 0.091716 0.922353
0 0.559289 0.558185 0.16996 0.0966469 0.922699
