1 0.599198 0.531563 0.296593 0.0911824 0.28415
0 0.224449 0.347695 0.240481 0.114228 0.325817
1 0.691383 0.533066 0.140281 0.0941884 0.420481
9 0.225451 0.348196 0.230461 0.113226 0.425255
0 0.56513 0.529559 0.232465 0.0911824 0.705969
0 0.598196 0.451904 0.198397 0.108216 0.791942
1 0.343687 0.344188 0.122244 0.11523 0.795495
0 0.437876 0.448898 0.202405 0.106212 0.830844
0 0.269539 0.44489 0.230461 0.114228 0.832555
0 0.364729 0.531062 0.228457 0.102204 0.864236
3 0.475952 0.341182 0.262525 0.121242 0.880724
8 0.523046 0.259519 0.220441 0.128257 0.885244
0 0.365731 0.254509 0.250501 0.114228 0.917836
3 0.121242 0.25501 0.242485 0.125251 0.923676
