1 0.789033 0.92718 0.0315985 0.0695733 0.253801
1 0.733271 0.357607 0.0427509 0.101113 0.305574
1 0.747212 0.255102 0.0446097 0.0927644 0.432454
1 0.742565 0.467996 0.0501859 0.0899814 0.570907
1 0.364312 0.383117 0.0743494 0.0890538 0.830702
0 0.541822 0.277829 0.154275 0.0769944 0.861574
2 0.684944 0.558442 0.180297 0.0890538 0.89426
2 0.503717 0.375696 0.178439 0.0909091 0.89901
0 0.416357 0.564935 0.152416 0.0705009 0.908622
0 0.495353 0.469388 0.16171 0.0779221 0.908935
0 0.644052 0.473562 0.17658 0.080705 0.909003
0 0.363383 0.476345 0.165428 0.0825603 0.909422
0 0.55855 0.555195 0.143123 0.0899814 0.909457
2 0.390335 0.275046 0.182156 0.0899814 0.914986
2 0.648699 0.371521 0.178439 0.0844156 0.924643
2 0.663569 0.275046 0.189591 0.0955473 0.932136
