5 0.542883 0.284804 0.155109 0.0800728 0.347264
0 0.520985 0.365787 0.224453 0.0727934 0.349927
2 0.543796 0.284349 0.164234 0.0809827 0.375488
0 0.584854 0.367607 0.14781 0.0655141 0.42699
1 0.715328 0.469973 0.0912409 0.0882621 0.466956
0 0.439781 0.27616 0.145985 0.0828025 0.51995
0 0.529197 0.460874 0.211679 0.0755232 0.52315
0 0.659672 0.28162 0.155109 0.0846224 0.677735
6 0.550182 0.184713 0.162409 0.089172 0.84356
4 0.666971 0.187898 0.158759 0.0973612 0.854351
0 0.694343 0.369427 0.14781 0.0709736 0.858443
