1 0.326585 0.312555 0.269366 0.129939 0.45009
1 0.214789 0.311677 0.0915493 0.131694 0.674421
1 0.540493 0.402985 0.0915493 0.117647 0.818052
3 0.325704 0.31475 0.264085 0.13784 0.818376
0 0.182218 0.600088 0.216549 0.111501 0.844836
1 0.273768 0.408692 0.0827465 0.109745 0.850404
3 0.386444 0.407814 0.258803 0.111501 0.864733
0 0.161972 0.505707 0.214789 0.124671 0.893545
0 0.352993 0.592625 0.22007 0.112379 0.895292
0 0.514085 0.588235 0.211268 0.110623 0.895921
0 0.488556 0.499561 0.223592 0.117647 0.898994
9 0.495599 0.317384 0.198944 0.134328 0.90899
0 0.332746 0.502634 0.207746 0.132572 0.912347
