2 0.340956 0.449689 0.174636 0.0985477 0.810387
1 0.627859 0.630705 0.0831601 0.0954357 0.834181
7 0.459459 0.363071 0.195426 0.107884 0.876708
5 0.594595 0.367739 0.212058 0.106846 0.886598
0 0.367983 0.624481 0.191268 0.0954357 0.887778
5 0.475052 0.452801 0.180873 0.100622 0.889083
4 0.595634 0.453319 0.160083 0.10166 0.899617
0 0.507277 0.628112 0.182952 0.090249 0.899685
0 0.468815 0.538382 0.172557 0.093361 0.910312
0 0.595634 0.544606 0.160083 0.0912863 0.910772
0 0.327443 0.532676 0.201663 0.096473 0.911475
3 0.327443 0.366701 0.214137 0.104772 0.912561
