0 0.522472 0.210551 0.146067 0.092437 0.397021
8 0.610487 0.305789 0.164794 0.0999066 0.502133
1 0.717228 0.282913 0.0486891 0.102708 0.68521
1 0.725655 0.381886 0.0617978 0.0971055 0.709256
9 0.522472 0.212885 0.157303 0.0952381 0.732451
9 0.479401 0.121849 0.157303 0.0999066 0.787369
1 0.413858 0.212885 0.093633 0.0933707 0.85571
4 0.350187 0.116246 0.198502 0.0961718 0.861679
4 0.543071 0.309524 0.146067 0.0999066 0.863253
2 0.647004 0.210551 0.185393 0.092437 0.901581
0 0.632959 0.385154 0.146067 0.092437 0.906921
0 0.582397 0.479925 0.146067 0.0933707 0.911505
0 0.67603 0.47479 0.172285 0.0980392 0.922817
0 0.495318 0.48366 0.162921 0.10084 0.923708
0 0.540262 0.393091 0.14794 0.102708 0.926594
0 0.439139 0.306256 0.159176 0.0971055 0.928564
0 0.464419 0.400093 0.146067 0.101774 0.931722
