1 0.656627 0.525075 0.104418 0.12337 0.808503
4 0.625502 0.336008 0.226908 0.124373 0.87323
2 0.321285 0.245737 0.180723 0.120361 0.896523
5 0.629518 0.23671 0.263052 0.106319 0.898717
0 0.302209 0.332498 0.210843 0.111334 0.912324
7 0.46988 0.242227 0.208835 0.117352 0.912421
0 0.286145 0.42678 0.202811 0.101304 0.912614
4 0.463855 0.332999 0.232932 0.118355 0.91335
0 0.299197 0.520562 0.216867 0.110331 0.922364
0 0.63755 0.427282 0.214859 0.108325 0.923521
0 0.492972 0.514042 0.222892 0.11334 0.92619
0 0.463855 0.427783 0.232932 0.105316 0.937226
