1 0.782946 0.456039 0.0658915 0.125604 0.269622
1 0.375 0.182126 0.226744 0.138164 0.41603
2 0.364341 0.183092 0.224806 0.136232 0.484125
7 0.366279 0.184058 0.232558 0.142029 0.596209
1 0.732558 0.177295 0.0930233 0.140097 0.667266
4 0.698643 0.278744 0.168605 0.116908 0.762957
1 0.530039 0.177295 0.0949612 0.140097 0.846945
1 0.742248 0.458937 0.0697674 0.117874 0.847811
9 0.670543 0.171014 0.20155 0.129469 0.861824
0 0.610465 0.361836 0.182171 0.114976 0.869395
0 0.450581 0.374396 0.203488 0.101449 0.8958
0 0.643411 0.458454 0.189922 0.0995169 0.904779
8 0.577519 0.279227 0.182171 0.127536 0.905626
0 0.726744 0.370531 0.186047 0.120773 0.907272
0 0.488372 0.462319 0.217054 0.101449 0.920617
0 0.398256 0.282126 0.222868 0.119807 0.924596
