7 0.423077 0.386422 0.213675 0.122118 0.385139
1 0.21047 0.474381 0.151709 0.12041 0.458274
2 0.260684 0.376174 0.32906 0.110162 0.735117
0 0.648504 0.565329 0.202991 0.104184 0.741197
6 0.628205 0.476943 0.226496 0.105038 0.796646
0 0.240385 0.669513 0.245726 0.100769 0.842195
0 0.450855 0.568745 0.252137 0.0939368 0.846013
0 0.63141 0.662681 0.207265 0.100769 0.853101
6 0.42094 0.47737 0.217949 0.105892 0.861311
0 0.456197 0.658839 0.232906 0.105038 0.879232
0 0.226496 0.572588 0.226496 0.108454 0.888447
