1 0.585149 0.150346 0.164356 0.152324 0.776965
1 0.246535 0.16271 0.116832 0.141444 0.824393
6 0.407921 0.162216 0.285149 0.144411 0.840325
0 0.258416 0.453511 0.247525 0.111771 0.884083
0 0.659406 0.441147 0.249505 0.110781 0.888877
9 0.646535 0.264095 0.223762 0.132542 0.889063
0 0.435644 0.36548 0.217822 0.125618 0.889629
0 0.458416 0.450544 0.223762 0.121662 0.895257
6 0.442574 0.261622 0.219802 0.119683 0.903951
0 0.637624 0.356578 0.237624 0.109792 0.904624
0 0.247525 0.26459 0.229703 0.117705 0.915367
0 0.246535 0.366963 0.243564 0.136499 0.916386
