0 0.306878 0.302028 0.204586 0.106702 0.490954
6 0.485009 0.302469 0.169312 0.102293 0.809216
4 0.5 0.205908 0.19224 0.103175 0.841021
2 0.310406 0.302469 0.215168 0.10582 0.868021
0 0.499118 0.47619 0.179894 0.0952381 0.882386
3 0.635802 0.201499 0.213404 0.108466 0.900597
0 0.343034 0.4806 0.213404 0.102293 0.900782
9 0.636684 0.296296 0.15873 0.102293 0.908338
0 0.651675 0.479277 0.206349 0.0978836 0.908977
0 0.465608 0.387566 0.204586 0.0873016 0.911092
0 0.271605 0.388889 0.222222 0.100529 0.917216
2 0.314815 0.208113 0.234568 0.121693 0.922585
0 0.635802 0.384921 0.199295 0.0925926 0.922926
