1 0.452118 0.280073 0.101289 0.117539 0.833898
1 0.287293 0.382461 0.0773481 0.103765 0.835938
0 0.449355 0.471074 0.184162 0.10652 0.882483
9 0.441068 0.376492 0.178637 0.121212 0.883534
2 0.319521 0.284665 0.197053 0.104683 0.884824
9 0.572744 0.381084 0.180479 0.113866 0.887667
0 0.598527 0.468779 0.176796 0.0964187 0.89955
2 0.598527 0.557851 0.173112 0.105601 0.912951
0 0.456722 0.561065 0.184162 0.121212 0.91458
0 0.590239 0.278237 0.197053 0.110193 0.920418
0 0.280847 0.474747 0.21547 0.108356 0.924172
0 0.281768 0.567952 0.213628 0.116621 0.925004
