1 0.467413 0.474593 0.12831 0.128049 0.693342
1 0.629328 0.662094 0.0855397 0.139228 0.807094
4 0.592668 0.480691 0.232179 0.138211 0.84499
1 0.352342 0.379573 0.0773931 0.139228 0.854748
0 0.547862 0.658028 0.195519 0.137195 0.879298
7 0.594705 0.379065 0.224033 0.130081 0.883393
0 0.45112 0.655488 0.185336 0.138211 0.892185
0 0.43279 0.563008 0.238289 0.136179 0.904083
0 0.335031 0.654472 0.217923 0.134146 0.90498
0 0.283096 0.5625 0.248473 0.14126 0.905424
0 0.572301 0.570122 0.260692 0.140244 0.907518
0 0.261711 0.47002 0.230143 0.131098 0.910238
6 0.452138 0.383638 0.228106 0.14126 0.915034
