3 0.709865 0.116313 0.170213 0.0897683 0.285634
1 0.772727 0.210425 0.0522244 0.106178 0.378216
1 0.776596 0.492278 0.0522244 0.11583 0.574313
2 0.497099 0.210907 0.232108 0.103282 0.634027
1 0.381044 0.218629 0.0696325 0.105212 0.858859
3 0.495164 0.210425 0.235977 0.102317 0.864553
2 0.655706 0.405888 0.251451 0.111004 0.884538
9 0.663443 0.212838 0.201161 0.116795 0.899174
8 0.515474 0.313707 0.187621 0.1139 0.905664
4 0.679884 0.315154 0.218569 0.118726 0.908109
0 0.345261 0.501448 0.187621 0.0974903 0.909231
3 0.638298 0.497587 0.22824 0.105212 0.918054
0 0.382979 0.404923 0.185687 0.0974903 0.918482
0 0.505803 0.404923 0.168279 0.0974903 0.918696
0 0.492263 0.502896 0.191489 0.0907336 0.919154
0 0.390716 0.313224 0.181818 0.109073 0.921292
