5 0.264654 0.27172 0.166963 0.0718085 0.259102
1 0.717584 0.921986 0.0390764 0.0762411 0.271621
1 0.73357 0.967642 0.035524 0.0593972 0.32785
1 0.614565 0.468972 0.106572 0.0904255 0.352929
1 0.610124 0.406472 0.129663 0.0842199 0.462869
1 0.293961 0.390071 0.0763766 0.0904255 0.581876
0 0.263766 0.310284 0.179396 0.0780142 0.647675
1 0.437833 0.388298 0.0728242 0.0921986 0.732615
1 0.583481 0.475621 0.0763766 0.089539 0.851364
4 0.583481 0.365248 0.175844 0.0886525 0.867343
7 0.55595 0.288121 0.166963 0.0886525 0.905751
0 0.627886 0.560727 0.165186 0.0806738 0.915829
0 0.508881 0.554965 0.161634 0.0833333 0.921204
0 0.361456 0.467642 0.165186 0.087766 0.923209
0 0.438721 0.295213 0.170515 0.0833333 0.929862
0 0.383659 0.553635 0.159858 0.0753546 0.930624
0 0.484014 0.473404 0.158082 0.0815603 0.935098
