1 0.694605 0.302594 0.109827 0.12488 0.337723
1 0.519268 0.319885 0.194605 0.115274 0.367188
0 0.592486 0.414505 0.202312 0.118156 0.598023
1 0.575145 0.316523 0.0944123 0.114313 0.766645
0 0.546243 0.502882 0.240848 0.108549 0.775243
9 0.549133 0.225264 0.188825 0.137368 0.789357
0 0.675337 0.415946 0.186898 0.121037 0.789466
1 0.723507 0.494236 0.0828516 0.118156 0.800095
1 0.444123 0.223343 0.136802 0.145053 0.827826
9 0.668593 0.230548 0.177264 0.14025 0.837674
0 0.493256 0.416427 0.177264 0.125841 0.897099
2 0.475915 0.320845 0.254335 0.119116 0.897806
