1 0.659574 0.497525 0.104449 0.108911 0.727892
1 0.483559 0.30363 0.108317 0.112211 0.769995
1 0.279497 0.396865 0.098646 0.108911 0.772358
2 0.443907 0.40264 0.253385 0.118812 0.890362
0 0.435203 0.586634 0.22824 0.10396 0.890827
7 0.624758 0.308993 0.239845 0.113036 0.903542
0 0.468085 0.49835 0.220503 0.113861 0.911815
2 0.629594 0.592822 0.268859 0.111386 0.916496
2 0.321083 0.307343 0.259188 0.109736 0.918237
0 0.257253 0.494224 0.224371 0.107261 0.92283
0 0.265957 0.586221 0.218569 0.108086 0.925282
3 0.641199 0.405941 0.288201 0.118812 0.928862
